10
6.449584092643265e-02
0.000000000000000e+00 0.000000000000000e+00 3.591541199163185e-01
3.253382398426726e-02
0.000000000000000e+00 0.000000000000000e+00 2.550836097606715e-01
6.052545534008992e-04
0.000000000000000e+00 0.000000000000000e+00 -3.479237138801836e-02
6.793979029733808e-01
0.000000000000000e+00 0.000000000000000e+00 1.165673970691103e+00
1.980580095646397e-01
0.000000000000000e+00 0.000000000000000e+00 6.293774854006770e-01
2.723947107896320e-01
0.000000000000000e+00 0.000000000000000e+00 7.380985175295124e-01
1.023696873168134e+00
0.000000000000000e+00 0.000000000000000e+00 1.430871673608877e+00
7.779732216909148e-01
0.000000000000000e+00 0.000000000000000e+00 1.247375822830405e+00
6.591634886172019e-01
0.000000000000000e+00 0.000000000000000e+00 1.148184208755025e+00
2.909581853264079e-01
0.000000000000000e+00 0.000000000000000e+00 7.628344320052785e-01
